"CentralDistrict1"	"CentralDistrict2"	"CentralDistrict3"	"CentralDistrict4"	"CentralDistrict5"	"CentralDistrict6"
"CentralDistrict1"	0	0.625	0.766666666666667	0.769230769230769	1	0.55
"CentralDistrict2"	0.625	0	0.833333333333333	0.822115384615385	0.794642857142857	0.6375
"CentralDistrict3"	0.766666666666667	0.833333333333333	0	0.448717948717949	0.9	0.633333333333333
"CentralDistrict4"	0.769230769230769	0.822115384615385	0.448717948717949	0	0.807692307692308	0.730769230769231
"CentralDistrict5"	1	0.794642857142857	0.9	0.807692307692308	0	0.8
"CentralDistrict6"	0.55	0.6375	0.633333333333333	0.730769230769231	0.8	0
