"Laurelhurst1"	"Laurelhurst2"	"Laurelhurst3"	"Laurelhurst4"	"Laurelhurst5"	"Laurelhurst6"
"Laurelhurst1"	0	0.5	0.804511278195489	0.59047619047619	0.454545454545455	0.5
"Laurelhurst2"	0.5	0	0.537593984962406	0.661904761904762	0.642857142857143	0.714285714285714
"Laurelhurst3"	0.804511278195489	0.537593984962406	0	0.880701754385965	0.586124401913876	0.857142857142857
"Laurelhurst4"	0.59047619047619	0.661904761904762	0.880701754385965	0	0.593939393939394	0.580952380952381
"Laurelhurst5"	0.454545454545455	0.642857142857143	0.586124401913876	0.593939393939394	0	0.62987012987013
"Laurelhurst6"	0.5	0.714285714285714	0.857142857142857	0.580952380952381	0.62987012987013	0
