"Central.District"	"Columbia.City"	"Laurelhurst"	"Montlake"	"Northgate"	"Phinney.Greenwood"	"Queen.Anne"	"Ravenna"
"Central.District"	0	0.216679169792448	0.239276852180078	0.470330545599363	0.218890822290635	0.246861453583291	0.250628077580143	0.338709677419355
"Columbia.City"	0.216679169792448	0	0.231024789164324	0.419465977605513	0.300154395445334	0.291184707171557	0.294609867420126	0.322018004501125
"Laurelhurst"	0.239276852180078	0.231024789164324	0	0.408221408221408	0.271989421367015	0.219665151602324	0.243298757317449	0.232630272952854
"Montlake"	0.470330545599363	0.419465977605513	0.408221408221408	0	0.478612775984837	0.410057526985974	0.52509518864659	0.504082039028276
"Northgate"	0.218890822290635	0.300154395445334	0.271989421367015	0.478612775984837	0	0.205035736786079	0.219529220149688	0.348748494177486
"Phinney.Greenwood"	0.246861453583291	0.291184707171557	0.219665151602324	0.410057526985974	0.205035736786079	0	0.185594754611734	0.307549400439115
"Queen.Anne"	0.250628077580143	0.294609867420126	0.243298757317449	0.52509518864659	0.219529220149688	0.185594754611734	0	0.337277660536629
"Ravenna"	0.338709677419355	0.322018004501125	0.232630272952854	0.504082039028276	0.348748494177486	0.307549400439115	0.337277660536629	0
