"Ravenna1"	"Ravenna2"	"Ravenna3"	"Ravenna4"	"Ravenna5"	"Ravenna6"
"Ravenna1"	0	0.508270676691729	0.503759398496241	0.32280701754386	0.323308270676692	0.635627530364372
"Ravenna2"	0.508270676691729	0	0.542857142857143	0.580952380952381	0.552380952380952	0.589010989010989
"Ravenna3"	0.503759398496241	0.542857142857143	0	0.580952380952381	0.380952380952381	0.608058608058608
"Ravenna4"	0.32280701754386	0.580952380952381	0.580952380952381	0	0.428571428571429	0.512820512820513
"Ravenna5"	0.323308270676692	0.552380952380952	0.380952380952381	0.428571428571429	0	0.56043956043956
"Ravenna6"	0.635627530364372	0.589010989010989	0.608058608058608	0.512820512820513	0.56043956043956	0
